{
  "distances": [
    [0, 10, 20, 30, 40, 50, 60, 70, 80, 90, 100],
    [10, 0, 15, 25, 35, 45, 55, 65, 75, 85, 95],
    [20, 15, 0, 10, 20, 30, 40, 50, 60, 70, 80],
    [30, 25, 10, 0, 15, 25, 35, 45, 55, 65, 75],
    [40, 35, 20, 15, 0, 10, 20, 30, 40, 50, 60],
    [50, 45, 30, 25, 10, 0, 15, 25, 35, 45, 55],
    [60, 55, 40, 35, 20, 15, 0, 10, 20, 30, 40],
    [70, 65, 50, 45, 30, 25, 10, 0, 15, 25, 35],
    [80, 75, 60, 55, 40, 35, 20, 15, 0, 10, 20],
    [90, 85, 70, 65, 50, 45, 30, 25, 10, 0, 15],
    [100, 95, 80, 75, 60, 55, 40, 35, 20, 15, 0]
  ],
  "capacities": [10, 9, 9],
  "weights": [2, 2, 2, 2, 2, 2, 2, 2, 2, 2, 3],
  "values": [1, 2, 3, 4, 5, 6, 7, 8, 9, 10, 11],
  "indicesOfStartingPoints": [9, 1, 1],
  "indicesOfEndingPoints": [4, 4, 4],
  "indicesOfPickingUpPoints": [1, 1, 1, 1, 1, 1, 1, 1, 1, 1, 1],
  "indicesOfDroppingOffPoints": [0, 1, 2, 3, 4, 5, 6, 7, 8, 9, 10],
  "pickUpPenalties": [10, 10, 10, 10, 10, 10, 10, 10, 10, 10, 10],
  "dropOffPenalties": [10, 10, 10, 10, 10, 10, 10, 10, 10, 10, 10],
  "settings": {
    "algorithmForTSP": 4,
    "algorithmForKnapsack": 4
  }
}
