{
  "distances": [
    [0, 5, 10, 15, 20, 25, 30, 35, 40, 45, 50],
    [5, 0, 6, 11, 16, 21, 26, 31, 36, 41, 46],
    [10, 6, 0, 7, 12, 17, 22, 27, 32, 37, 42],
    [15, 11, 7, 0, 8, 13, 18, 23, 28, 33, 38],
    [20, 16, 12, 8, 0, 9, 14, 19, 24, 29, 34],
    [25, 21, 17, 13, 9, 0, 10, 15, 20, 25, 30],
    [30, 26, 22, 18, 14, 10, 0, 11, 16, 21, 26],
    [35, 31, 27, 23, 19, 15, 11, 0, 12, 17, 22],
    [40, 36, 32, 28, 24, 20, 16, 12, 0, 13, 18],
    [45, 41, 37, 33, 29, 25, 21, 17, 13, 0, 14],
    [50, 46, 42, 38, 34, 30, 26, 22, 18, 14, 0]
  ],
  "capacities": [15, 14, 13, 12, 11],
  "weights": [1, 2, 3, 4, 5, 6, 7, 8, 9, 10, 11, 12, 13],
  "values": [2, 4, 6, 8, 10, 12, 14, 16, 18, 20, 22, 24, 26],
  "indicesOfStartingPoints": [0, 1, 2, 3, 4],
  "indicesOfEndingPoints": [10, 9, 8, 7, 6],
  "indicesOfPickingUpPoints": [0, 1, 2, 3, 4, 5, 6, 7, 8, 9, 10, 2, 1],
  "indicesOfDroppingOffPoints": [10, 9, 8, 7, 6, 5, 4, 3, 2, 1, 0, 10, 9],
  "pickUpPenalties": [5, 10, 15, 20, 25, 30, 35, 40, 22, 43, 50, 17, 5],
  "dropOffPenalties": [10, 15, 20, 25, 30, 35, 40, 45, 50, 43, 26, 34, 8],
  "settings": {
    "algorithmForTSP": 4,
    "algorithmForKnapsack": 4
  }
}
