{
  "distances": [
    [0, 7, 14, 21, 28, 35, 42, 49, 56, 63, 70, 77, 84],
    [7, 0, 8, 15, 22, 29, 36, 43, 50, 57, 64, 71, 78],
    [14, 8, 0, 9, 16, 23, 30, 37, 44, 51, 58, 65, 72],
    [21, 15, 9, 0, 10, 17, 24, 31, 38, 45, 52, 59, 66],
    [28, 22, 16, 10, 0, 11, 18, 25, 32, 39, 46, 53, 60],
    [35, 29, 23, 17, 11, 0, 12, 19, 26, 33, 40, 47, 54],
    [42, 36, 30, 24, 18, 12, 0, 13, 20, 27, 34, 41, 48],
    [49, 43, 37, 31, 25, 19, 13, 0, 14, 21, 28, 35, 42],
    [56, 50, 44, 38, 32, 26, 20, 14, 0, 15, 22, 29, 36],
    [63, 57, 51, 45, 39, 33, 27, 21, 15, 0, 16, 23, 30],
    [70, 64, 58, 52, 46, 40, 34, 28, 22, 16, 0, 17, 24],
    [77, 71, 65, 59, 53, 47, 41, 35, 29, 23, 17, 0, 18],
    [84, 78, 72, 66, 60, 54, 48, 42, 36, 30, 24, 18, 0]
  ],
  "capacities": [25, 24, 23, 22, 21, 20, 19],
  "weights": [2, 4, 6, 8, 10, 12, 14, 16, 18, 20, 22, 24, 26],
  "values": [1, 3, 5, 7, 9, 11, 13, 15, 17, 19, 21, 23, 25],
  "indicesOfStartingPoints": [0, 1, 2, 3, 4, 5, 6],
  "indicesOfEndingPoints": [12, 11, 10, 9, 8, 7, 6],
  "indicesOfPickingUpPoints": [0, 1, 2, 3, 4, 5, 6, 7, 8, 9, 10, 11, 12],
  "indicesOfDroppingOffPoints": [12, 11, 10, 9, 8, 7, 6, 5, 4, 3, 2, 1, 0],
  "pickUpPenalties": [7, 14, 21, 28, 35, 42, 49, 56, 63, 70, 77, 84, 91],
  "dropOffPenalties": [10, 17, 24, 31, 38, 45, 52, 59, 66, 73, 80, 87, 94],
  "settings": {
    "algorithmForTSP": 4
  }
}
