{
  "distances": [
    [0, 6, 12, 18, 24, 30, 36, 42, 48, 54, 60, 66, 72, 78],
    [6, 0, 7, 13, 19, 25, 31, 37, 43, 49, 55, 61, 67, 73],
    [12, 7, 0, 8, 14, 20, 26, 32, 38, 44, 50, 56, 62, 68],
    [18, 13, 8, 0, 9, 15, 21, 27, 33, 39, 45, 51, 57, 63],
    [24, 19, 14, 9, 0, 10, 16, 22, 28, 34, 40, 46, 52, 58],
    [30, 25, 20, 15, 10, 0, 11, 17, 23, 29, 35, 41, 47, 53],
    [36, 31, 26, 21, 16, 11, 0, 12, 18, 24, 30, 36, 42, 48],
    [42, 37, 32, 27, 22, 17, 12, 0, 13, 19, 25, 31, 37, 43],
    [48, 43, 38, 33, 28, 23, 18, 13, 0, 14, 20, 26, 32, 38],
    [54, 49, 44, 39, 34, 29, 24, 19, 14, 0, 15, 21, 27, 33],
    [60, 55, 50, 45, 40, 35, 30, 25, 20, 15, 0, 16, 22, 28],
    [66, 61, 56, 51, 46, 41, 36, 31, 26, 21, 16, 0, 17, 23],
    [72, 67, 62, 57, 52, 47, 42, 37, 32, 27, 22, 17, 0, 18],
    [78, 73, 68, 63, 58, 53, 48, 43, 38, 33, 28, 23, 18, 0]
  ],
  "capacities": [30, 29, 28, 27, 100],
  "weights": [4, 8, 12, 16, 20, 24, 28, 32, 36, 40, 44, 48, 52, 56],
  "values": [6, 12, 18, 24, 30, 36, 42, 48, 54, 60, 66, 72, 78, 84],
  "indicesOfStartingPoints": [0, 1, 2, 3, 4, 5, 6, 7],
  "indicesOfEndingPoints": [13, 12, 11, 10, 9, 8, 7, 6],
  "indicesOfPickingUpPoints": [0, 2, 2, 2, 3, 3, 3, 3, 12, 12, 13, 11, 11, 13],
  "indicesOfDroppingOffPoints": [13, 12, 11, 10, 9, 8, 7, 6, 5, 4, 3, 2, 1, 0],
  "pickUpPenalties": [8, 16, 24, 32, 40, 48, 56, 64, 72, 80, 21, 61, 10, 76],
  "dropOffPenalties": [11, 19, 27, 35, 43, 51, 1, 67, 24, 47, 21, 43, 42, 15],
  "settings": {
    "algorithmForTSP": 4
  }
}
