{
  "distances": [
    [0, 9, 18, 27, 36, 45, 54, 63, 72, 81, 90, 99, 108, 117, 126],
    [9, 0, 10, 19, 28, 37, 46, 55, 64, 73, 82, 91, 100, 109, 118],
    [18, 10, 0, 11, 20, 29, 38, 47, 56, 65, 74, 83, 92, 101, 110],
    [27, 19, 11, 0, 12, 21, 30, 39, 48, 57, 66, 75, 84, 93, 102],
    [36, 28, 20, 12, 0, 13, 22, 31, 40, 49, 58, 67, 76, 85, 94],
    [45, 37, 29, 21, 13, 0, 14, 23, 32, 41, 50, 59, 68, 77, 86],
    [54, 46, 38, 30, 22, 14, 0, 15, 24, 33, 42, 51, 60, 69, 78],
    [63, 55, 47, 39, 31, 23, 15, 0, 16, 25, 34, 43, 52, 61, 70],
    [72, 64, 56, 48, 40, 32, 24, 16, 0, 17, 26, 35, 44, 53, 62],
    [81, 73, 65, 57, 49, 41, 33, 25, 17, 0, 18, 27, 36, 45, 54],
    [90, 82, 74, 66, 58, 50, 42, 34, 26, 18, 0, 19, 28, 37, 46],
    [99, 91, 83, 75, 67, 59, 51, 43, 35, 27, 19, 0, 20, 29, 38],
    [108, 100, 92, 84, 76, 68, 60, 52, 44, 36, 28, 20, 0, 21, 30],
    [117, 109, 101, 93, 85, 77, 69, 61, 53, 45, 37, 29, 21, 0, 22],
    [126, 118, 110, 102, 94, 86, 78, 70, 62, 54, 46, 38, 30, 22, 0]
  ],
  "capacities": [35, 34, 33, 32],
  "weights": [5, 10, 15, 20, 25, 30, 35, 40, 45, 50, 55, 60, 65, 70],
  "values": [10, 20, 30, 40, 50, 60, 70, 80, 90, 100, 110, 120, 130, 140],
  "indicesOfStartingPoints": [0, 1, 2, 3, 4, 5, 6, 7, 8],
  "indicesOfEndingPoints": [14, 13, 12, 11, 10, 9, 8, 7, 6],
  "indicesOfPickingUpPoints": [
    4, 4, 4, 12, 12, 12, 12, 12, 12, 11, 11, 11, 11, 11
  ],
  "indicesOfDroppingOffPoints": [13, 12, 11, 10, 9, 8, 7, 6, 5, 4, 3, 2, 1, 0],
  "pickUpPenalties": [6, 12, 18, 24, 30, 36, 42, 48, 54, 46, 36, 7, 28, 34],
  "dropOffPenalties": [9, 18, 27, 36, 45, 54, 63, 32, 41, 29, 39, 8, 17, 26],
  "settings": {
    "algorithmForTSP": 4
  }
}
