{
  "distances": [
    [0, 12, 23, 34, 45, 56, 67, 78, 89, 100, 111],
    [12, 0, 14, 26, 38, 50, 62, 74, 86, 98, 110],
    [23, 14, 0, 12, 24, 36, 48, 60, 72, 84, 96],
    [34, 26, 12, 0, 15, 27, 39, 51, 63, 75, 87],
    [45, 38, 24, 15, 0, 11, 23, 35, 47, 59, 71],
    [56, 50, 36, 27, 11, 0, 14, 26, 38, 50, 62],
    [67, 62, 48, 39, 23, 14, 0, 12, 24, 36, 48],
    [78, 74, 60, 51, 35, 26, 12, 0, 15, 27, 39],
    [89, 86, 72, 63, 47, 38, 24, 15, 0, 11, 23],
    [100, 98, 84, 75, 59, 50, 36, 27, 11, 0, 14],
    [111, 110, 96, 87, 71, 62, 48, 39, 23, 14, 0]
  ],
  "capacities": [12, 10, 8],
  "weights": [3, 3, 3, 3, 3, 3, 3, 3, 3, 3, 4],
  "values": [2, 3, 4, 5, 6, 7, 8, 9, 10, 11, 12],
  "indicesOfStartingPoints": [8, 2, 2],
  "indicesOfEndingPoints": [5, 5, 5],
  "indicesOfPickingUpPoints": [2, 2, 2, 2, 2, 2, 2, 2, 2, 2, 2],
  "indicesOfDroppingOffPoints": [0, 1, 2, 3, 4, 5, 6, 7, 8, 9, 10],
  "pickUpPenalties": [12, 12, 12, 12, 12, 12, 12, 12, 12, 12, 12],
  "dropOffPenalties": [12, 12, 12, 12, 12, 12, 12, 12, 12, 12, 12],
  "settings": {
    "algorithmForTSP": 4
  }
}
