{
  "distances": [
    [0, 15, 30, 45, 60, 75, 90, 105, 120, 135, 150],
    [15, 0, 18, 33, 48, 63, 78, 93, 108, 123, 138],
    [30, 18, 0, 15, 30, 45, 60, 75, 90, 105, 120],
    [45, 33, 15, 0, 20, 35, 50, 65, 80, 95, 110],
    [60, 48, 30, 20, 0, 15, 30, 45, 60, 75, 90],
    [75, 63, 45, 35, 15, 0, 20, 35, 50, 65, 80],
    [90, 78, 60, 50, 30, 20, 0, 15, 30, 45, 60],
    [105, 93, 75, 65, 45, 35, 15, 0, 20, 35, 50],
    [120, 108, 90, 80, 60, 50, 30, 20, 0, 15, 30],
    [135, 123, 105, 95, 75, 65, 45, 35, 15, 0, 20],
    [150, 138, 120, 110, 90, 80, 60, 50, 30, 20, 0]
  ],
  "capacities": [11, 10, 9],
  "weights": [1, 2, 3, 4, 5, 6, 7, 8, 9, 10, 5],
  "values": [3, 4, 5, 6, 7, 8, 9, 10, 11, 12, 13],
  "indicesOfStartingPoints": [7, 3, 3],
  "indicesOfEndingPoints": [2, 2, 2],
  "indicesOfPickingUpPoints": [3, 3, 3, 3, 3, 3, 3, 3, 3, 3, 3],
  "indicesOfDroppingOffPoints": [2, 3, 4, 5, 6, 7, 8, 9, 10, 1, 0],
  "pickUpPenalties": [15, 15, 15, 15, 15, 15, 15, 15, 15, 15, 15],
  "dropOffPenalties": [15, 15, 15, 15, 15, 15, 15, 15, 15, 15, 15],
  "settings": {
    "algorithmForTSP": 4
  }
}
