{
  "distances": [
    [0, 20, 40, 60, 80, 100, 120, 140, 160, 180, 200],
    [20, 0, 25, 45, 65, 85, 105, 125, 145, 165, 185],
    [40, 25, 0, 20, 40, 60, 80, 100, 120, 140, 160],
    [60, 45, 20, 0, 25, 45, 65, 85, 105, 125, 145],
    [80, 65, 40, 25, 0, 20, 40, 60, 80, 100, 120],
    [100, 85, 60, 45, 20, 0, 25, 45, 65, 85, 105],
    [120, 105, 80, 65, 40, 25, 0, 20, 40, 60, 80],
    [140, 125, 100, 85, 60, 45, 20, 0, 25, 45, 65],
    [160, 145, 120, 105, 80, 65, 40, 25, 0, 20, 40],
    [180, 165, 140, 125, 100, 85, 60, 45, 20, 0, 25],
    [200, 185, 160, 145, 120, 105, 80, 65, 40, 25, 0]
  ],
  "capacities": [9, 8, 7],
  "weights": [2, 3, 4, 5, 6, 7, 8, 9, 10, 11, 4],
  "values": [4, 5, 6, 7, 8, 9, 10, 11, 12, 13, 14],
  "indicesOfStartingPoints": [6, 4, 4],
  "indicesOfEndingPoints": [3, 3, 3],
  "indicesOfPickingUpPoints": [4, 4, 4, 4, 4, 4, 4, 4, 4, 4, 4],
  "indicesOfDroppingOffPoints": [3, 4, 5, 6, 7, 8, 9, 10, 0, 1, 2],
  "pickUpPenalties": [20, 20, 20, 20, 20, 20, 20, 20, 20, 20, 20],
  "dropOffPenalties": [20, 20, 20, 20, 20, 20, 20, 20, 20, 20, 20],
  "settings": {
    "algorithmForTSP": 4
  }
}
