{
  "distances": [
    [0, 12, 24, 36, 48, 60, 72],
    [12, 0, 14, 26, 38, 50, 62],
    [24, 14, 0, 12, 24, 36, 48],
    [36, 26, 12, 0, 14, 26, 38],
    [48, 38, 24, 14, 0, 12, 24],
    [60, 50, 36, 26, 12, 0, 14],
    [72, 62, 48, 38, 24, 14, 0]
  ],
  "capacities": [12, 11, 10, 9, 8],
  "weights": [1, 3, 5, 7, 9, 11, 13, 15],
  "values": [10, 9, 8, 7, 6, 5, 4, 3],
  "indicesOfStartingPoints": [1, 2, 3, 4, 5],
  "indicesOfEndingPoints": [5, 4, 3, 2, 1],
  "indicesOfPickingUpPoints": [0, 1, 2, 3, 4, 5, 6, 0],
  "indicesOfDroppingOffPoints": [6, 5, 4, 3, 2, 1, 0, 6],
  "pickUpPenalties": [18, 28, 38, 48, 58, 68, 78, 88],
  "dropOffPenalties": [20, 30, 40, 50, 60, 70, 80, 90],
  "settings": {
    "algorithmForTSP": 4,
    "algorithmForKnapsack": 4
  }
}
